ratio	counts
0.0	193
0.0006765899864682003	252
0.0013531799729364006	279
0.0020297699594046007	13362
0.0027063599458728013	15090
0.0033829499323410014	15905
0.0040595399188092015	16408
0.004736129905277402	16787
0.005412719891745603	17125
0.006089309878213802	17345
0.006765899864682003	17524
0.007442489851150203	17704
0.008119079837618403	17879
0.008795669824086604	18034
0.009472259810554804	18177
0.010148849797023005	18297
0.010825439783491205	18406
0.011502029769959404	18511
0.012178619756427604	18611
0.012855209742895805	18706
0.013531799729364006	18804
0.014208389715832206	18907
0.014884979702300407	18975
0.015561569688768605	19075
0.016238159675236806	19147
0.016914749661705007	19216
0.017591339648173207	19275
0.018267929634641408	19358
0.018944519621109608	19436
0.01962110960757781	19500
0.02029769959404601	19555
0.02097428958051421	19614
0.02165087956698241	19668
0.022327469553450607	19730
0.023004059539918808	19788
0.02368064952638701	19840
0.02435723951285521	19884
0.02503382949932341	19939
0.02571041948579161	19980
0.02638700947225981	20029
0.02706359945872801	20079
0.02774018944519621	20130
0.028416779431664412	20180
0.029093369418132613	20214
0.029769959404600813	20264
0.030446549391069014	20329
0.03112313937753721	20372
0.031799729364005415	20420
0.03247631935047361	20455
0.033152909336941816	20500
0.03382949932341001	20545
0.03450608930987822	20587
0.035182679296346414	20612
0.03585926928281461	20651
0.036535859269282815	20686
0.03721244925575101	20727
0.037889039242219216	20766
0.03856562922868741	20804
0.03924221921515562	20836
0.039918809201623814	20863
0.04059539918809202	20905
0.041271989174560215	20926
0.04194857916102842	20959
0.04262516914749662	20981
0.04330175913396482	21020
0.04397834912043302	21048
0.044654939106901215	21076
0.04533152909336942	21115
0.046008119079837616	21144
0.04668470906630582	21175
0.04736129905277402	21203
0.04803788903924222	21242
0.04871447902571042	21270
0.04939106901217862	21303
0.05006765899864682	21330
0.05074424898511502	21355
0.05142083897158322	21383
0.052097428958051424	21408
0.05277401894451962	21441
0.05345060893098782	21470
0.05412719891745602	21496
0.05480378890392422	21524
0.05548037889039242	21553
0.05615696887686062	21590
0.056833558863328824	21621
0.05751014884979702	21643
0.058186738836265225	21668
0.05886332882273342	21699
0.05953991880920163	21732
0.060216508795669824	21773
0.06089309878213803	21793
0.061569688768606225	21831
0.06224627875507442	21857
0.06292286874154263	21881
0.06359945872801083	21906
0.06427604871447902	21929
0.06495263870094722	21943
0.06562922868741543	21968
0.06630581867388363	21982
0.06698240866035182	22004
0.06765899864682003	22033
0.06833558863328823	22055
0.06901217861975643	22082
0.06968876860622462	22100
0.07036535859269283	22125
0.07104194857916103	22138
0.07171853856562922	22165
0.07239512855209743	22188
0.07307171853856563	22217
0.07374830852503383	22242
0.07442489851150202	22261
0.07510148849797023	22286
0.07577807848443843	22303
0.07645466847090664	22331
0.07713125845737483	22348
0.07780784844384303	22368
0.07848443843031123	22384
0.07916102841677942	22397
0.07983761840324763	22427
0.08051420838971583	22449
0.08119079837618404	22466
0.08186738836265223	22486
0.08254397834912043	22509
0.08322056833558863	22522
0.08389715832205684	22534
0.08457374830852503	22561
0.08525033829499323	22578
0.08592692828146144	22597
0.08660351826792964	22619
0.08728010825439783	22646
0.08795669824086604	22664
0.08863328822733424	22682
0.08930987821380243	22699
0.08998646820027063	22715
0.09066305818673884	22735
0.09133964817320704	22752
0.09201623815967523	22766
0.09269282814614344	22780
0.09336941813261164	22795
0.09404600811907984	22812
0.09472259810554803	22826
0.09539918809201624	22840
0.09607577807848444	22858
0.09675236806495263	22875
0.09742895805142084	22896
0.09810554803788904	22909
0.09878213802435724	22922
0.09945872801082543	22941
0.10013531799729364	22960
0.10081190798376184	22977
0.10148849797023005	22996
0.10216508795669824	23013
0.10284167794316644	23033
0.10351826792963464	23045
0.10419485791610285	23062
0.10487144790257104	23082
0.10554803788903924	23098
0.10622462787550745	23108
0.10690121786197564	23126
0.10757780784844384	23145
0.10825439783491204	23164
0.10893098782138025	23176
0.10960757780784844	23194
0.11028416779431664	23213
0.11096075778078485	23223
0.11163734776725305	23235
0.11231393775372124	23248
0.11299052774018944	23264
0.11366711772665765	23273
0.11434370771312584	23290
0.11502029769959404	23310
0.11569688768606225	23326
0.11637347767253045	23350
0.11705006765899864	23365
0.11772665764546685	23378
0.11840324763193505	23398
0.11907983761840325	23418
0.11975642760487144	23430
0.12043301759133965	23443
0.12110960757780785	23460
0.12178619756427606	23473
0.12246278755074425	23489
0.12313937753721245	23502
0.12381596752368065	23515
0.12449255751014884	23535
0.12516914749661706	23551
0.12584573748308525	23563
0.12652232746955344	23573
0.12719891745602166	23585
0.12787550744248985	23598
0.12855209742895804	23616
0.12922868741542626	23629
0.12990527740189445	23649
0.13058186738836267	23657
0.13125845737483086	23667
0.13193504736129905	23682
0.13261163734776726	23703
0.13328822733423545	23725
0.13396481732070364	23748
0.13464140730717186	23761
0.13531799729364005	23774
0.13599458728010824	23784
0.13667117726657646	23800
0.13734776725304465	23813
0.13802435723951287	23825
0.13870094722598106	23839
0.13937753721244925	23857
0.14005412719891747	23873
0.14073071718538566	23883
0.14140730717185385	23897
0.14208389715832206	23909
0.14276048714479025	23922
0.14343707713125844	23942
0.14411366711772666	23957
0.14479025710419485	23968
0.14546684709066307	23978
0.14614343707713126	24001
0.14682002706359945	24020
0.14749661705006767	24034
0.14817320703653586	24041
0.14884979702300405	24059
0.14952638700947227	24074
0.15020297699594046	24087
0.15087956698240865	24101
0.15155615696887687	24112
0.15223274695534506	24124
0.15290933694181327	24137
0.15358592692828146	24147
0.15426251691474965	24163
0.15493910690121787	24179
0.15561569688768606	24188
0.15629228687415425	24198
0.15696887686062247	24210
0.15764546684709066	24221
0.15832205683355885	24238
0.15899864682002707	24248
0.15967523680649526	24264
0.16035182679296348	24277
0.16102841677943167	24287
0.16170500676589986	24298
0.16238159675236807	24317
0.16305818673883626	24331
0.16373477672530445	24346
0.16441136671177267	24358
0.16508795669824086	24373
0.16576454668470908	24387
0.16644113667117727	24402
0.16711772665764546	24415
0.16779431664411368	24429
0.16847090663058187	24445
0.16914749661705006	24457
0.16982408660351828	24471
0.17050067658998647	24481
0.17117726657645466	24492
0.17185385656292287	24506
0.17253044654939106	24517
0.17320703653585928	24529
0.17388362652232747	24538
0.17456021650879566	24551
0.17523680649526388	24567
0.17591339648173207	24577
0.17658998646820026	24594
0.17726657645466848	24604
0.17794316644113667	24620
0.17861975642760486	24623
0.17929634641407308	24638
0.17997293640054127	24647
0.18064952638700948	24656
0.18132611637347767	24667
0.18200270635994586	24682
0.18267929634641408	24693
0.18335588633288227	24708
0.18403247631935046	24720
0.18470906630581868	24727
0.18538565629228687	24736
0.18606224627875506	24749
0.18673883626522328	24757
0.18741542625169147	24769
0.1880920162381597	24784
0.18876860622462788	24796
0.18944519621109607	24804
0.19012178619756429	24819
0.19079837618403248	24833
0.19147496617050067	24848
0.19215155615696888	24860
0.19282814614343707	24872
0.19350473612990526	24881
0.19418132611637348	24888
0.19485791610284167	24896
0.1955345060893099	24900
0.19621109607577808	24908
0.19688768606224627	24919
0.1975642760487145	24928
0.19824086603518268	24938
0.19891745602165087	24950
0.19959404600811909	24956
0.20027063599458728	24969
0.2009472259810555	24974
0.20162381596752368	24984
0.20230040595399187	24999
0.2029769959404601	25012
0.20365358592692828	25018
0.20433017591339647	25035
0.2050067658998647	25041
0.20568335588633288	25055
0.20635994587280107	25068
0.2070365358592693	25073
0.20771312584573748	25083
0.2083897158322057	25091
0.2090663058186739	25098
0.20974289580514208	25107
0.2104194857916103	25116
0.21109607577807848	25132
0.21177266576454667	25142
0.2124492557510149	25155
0.21312584573748308	25173
0.21380243572395127	25185
0.2144790257104195	25194
0.21515561569688768	25207
0.2158322056833559	25218
0.2165087956698241	25226
0.21718538565629228	25233
0.2178619756427605	25245
0.2185385656292287	25248
0.21921515561569688	25262
0.2198917456021651	25267
0.22056833558863329	25275
0.22124492557510148	25289
0.2219215155615697	25296
0.22259810554803788	25315
0.2232746955345061	25323
0.2239512855209743	25332
0.22462787550744248	25341
0.2253044654939107	25353
0.2259810554803789	25365
0.22665764546684708	25371
0.2273342354533153	25376
0.2280108254397835	25388
0.22868741542625168	25395
0.2293640054127199	25405
0.23004059539918809	25418
0.2307171853856563	25432
0.2313937753721245	25445
0.23207036535859268	25452
0.2327469553450609	25461
0.2334235453315291	25467
0.23410013531799728	25483
0.2347767253044655	25499
0.2354533152909337	25517
0.2361299052774019	25531
0.2368064952638701	25542
0.2374830852503383	25556
0.2381596752368065	25558
0.2388362652232747	25570
0.2395128552097429	25581
0.2401894451962111	25585
0.2408660351826793	25595
0.24154262516914748	25599
0.2422192151556157	25610
0.2428958051420839	25618
0.2435723951285521	25633
0.2442489851150203	25645
0.2449255751014885	25652
0.2456021650879567	25665
0.2462787550744249	25675
0.2469553450608931	25686
0.2476319350473613	25698
0.2483085250338295	25711
0.2489851150202977	25718
0.2496617050067659	25728
0.2503382949932341	25739
0.2510148849797023	25745
0.2516914749661705	25756
0.2523680649526387	25769
0.2530446549391069	25783
0.25372124492557513	25792
0.2543978349120433	25803
0.2550744248985115	25813
0.2557510148849797	25828
0.2564276048714479	25836
0.2571041948579161	25844
0.2577807848443843	25849
0.2584573748308525	25857
0.2591339648173207	25865
0.2598105548037889	25875
0.2604871447902571	25885
0.26116373477672533	25893
0.2618403247631935	25905
0.2625169147496617	25914
0.2631935047361299	25923
0.2638700947225981	25940
0.2645466847090663	25953
0.2652232746955345	25962
0.2658998646820027	25975
0.2665764546684709	25987
0.2672530446549391	25997
0.2679296346414073	26007
0.26860622462787553	26018
0.2692828146143437	26024
0.2699594046008119	26033
0.2706359945872801	26047
0.2713125845737483	26061
0.2719891745602165	26070
0.27266576454668473	26080
0.2733423545331529	26085
0.2740189445196211	26089
0.2746955345060893	26099
0.2753721244925575	26106
0.27604871447902574	26113
0.2767253044654939	26122
0.2774018944519621	26140
0.2780784844384303	26145
0.2787550744248985	26154
0.2794316644113667	26163
0.28010825439783493	26173
0.2807848443843031	26181
0.2814614343707713	26187
0.2821380243572395	26199
0.2828146143437077	26207
0.28349120433017594	26219
0.28416779431664413	26228
0.2848443843031123	26239
0.2855209742895805	26249
0.2861975642760487	26262
0.2868741542625169	26267
0.28755074424898514	26278
0.2882273342354533	26292
0.2889039242219215	26299
0.2895805142083897	26307
0.2902571041948579	26322
0.29093369418132614	26332
0.29161028416779433	26341
0.2922868741542625	26349
0.2929634641407307	26357
0.2936400541271989	26366
0.2943166441136671	26376
0.29499323410013534	26384
0.2956698240866035	26399
0.2963464140730717	26411
0.2970230040595399	26417
0.2976995940460081	26425
0.29837618403247634	26437
0.29905277401894453	26442
0.2997293640054127	26451
0.3004059539918809	26461
0.3010825439783491	26474
0.3017591339648173	26479
0.30243572395128554	26494
0.30311231393775373	26506
0.3037889039242219	26520
0.3044654939106901	26526
0.3051420838971583	26532
0.30581867388362655	26541
0.30649526387009474	26552
0.3071718538565629	26559
0.3078484438430311	26569
0.3085250338294993	26583
0.3092016238159675	26592
0.30987821380243574	26600
0.31055480378890393	26611
0.3112313937753721	26618
0.3119079837618403	26634
0.3125845737483085	26643
0.31326116373477675	26663
0.31393775372124494	26674
0.31461434370771313	26691
0.3152909336941813	26701
0.3159675236806495	26713
0.3166441136671177	26717
0.31732070365358594	26731
0.31799729364005414	26746
0.3186738836265223	26752
0.3193504736129905	26765
0.3200270635994587	26777
0.32070365358592695	26793
0.32138024357239514	26799
0.32205683355886333	26806
0.3227334235453315	26815
0.3234100135317997	26830
0.32408660351826796	26838
0.32476319350473615	26852
0.32543978349120434	26868
0.3261163734776725	26882
0.3267929634641407	26892
0.3274695534506089	26899
0.32814614343707715	26910
0.32882273342354534	26918
0.32949932341001353	26934
0.3301759133964817	26946
0.3308525033829499	26953
0.33152909336941816	26960
0.33220568335588635	26969
0.33288227334235454	26977
0.33355886332882273	26985
0.3342354533152909	26996
0.3349120433017591	27002
0.33558863328822736	27015
0.33626522327469555	27021
0.33694181326116374	27030
0.3376184032476319	27044
0.3382949932341001	27055
0.33897158322056836	27063
0.33964817320703655	27076
0.34032476319350474	27087
0.34100135317997293	27093
0.3416779431664411	27100
0.3423545331529093	27106
0.34303112313937756	27119
0.34370771312584575	27129
0.34438430311231394	27139
0.34506089309878213	27149
0.3457374830852503	27165
0.34641407307171856	27175
0.34709066305818675	27180
0.34776725304465494	27194
0.34844384303112313	27206
0.3491204330175913	27215
0.3497970230040595	27229
0.35047361299052776	27232
0.35115020297699595	27243
0.35182679296346414	27252
0.35250338294993233	27257
0.3531799729364005	27263
0.35385656292286877	27276
0.35453315290933696	27282
0.35520974289580515	27292
0.35588633288227334	27303
0.3565629228687415	27321
0.3572395128552097	27331
0.35791610284167796	27345
0.35859269282814615	27353
0.35926928281461434	27362
0.35994587280108253	27371
0.3606224627875507	27382
0.36129905277401897	27392
0.36197564276048716	27400
0.36265223274695535	27410
0.36332882273342354	27416
0.36400541271989173	27420
0.3646820027063599	27425
0.36535859269282817	27433
0.36603518267929636	27442
0.36671177266576455	27448
0.36738836265223274	27457
0.3680649526387009	27466
0.36874154262516917	27473
0.36941813261163736	27479
0.37009472259810555	27490
0.37077131258457374	27498
0.37144790257104193	27503
0.3721244925575101	27512
0.37280108254397837	27522
0.37347767253044656	27531
0.37415426251691475	27536
0.37483085250338294	27541
0.37550744248985113	27556
0.3761840324763194	27562
0.37686062246278756	27576
0.37753721244925575	27583
0.37821380243572394	27588
0.37889039242219213	27595
0.3795669824086603	27604
0.38024357239512857	27613
0.38092016238159676	27619
0.38159675236806495	27632
0.38227334235453314	27642
0.38294993234100133	27647
0.3836265223274696	27658
0.38430311231393777	27669
0.38497970230040596	27679
0.38565629228687415	27687
0.38633288227334234	27698
0.3870094722598105	27705
0.3876860622462788	27713
0.38836265223274696	27724
0.38903924221921515	27733
0.38971583220568334	27739
0.39039242219215153	27747
0.3910690121786198	27760
0.39174560216508797	27772
0.39242219215155616	27786
0.39309878213802435	27799
0.39377537212449254	27806
0.3944519621109608	27809
0.395128552097429	27815
0.39580514208389717	27828
0.39648173207036536	27841
0.39715832205683355	27847
0.39783491204330174	27859
0.39851150202977	27868
0.39918809201623817	27877
0.39986468200270636	27884
0.40054127198917455	27893
0.40121786197564274	27902
0.401894451962111	27911
0.4025710419485792	27923
0.40324763193504737	27936
0.40392422192151556	27944
0.40460081190798375	27953
0.40527740189445194	27959
0.4059539918809202	27968
0.4066305818673884	27977
0.40730717185385656	27988
0.40798376184032475	27998
0.40866035182679294	28008
0.4093369418132612	28018
0.4100135317997294	28028
0.41069012178619757	28034
0.41136671177266576	28044
0.41204330175913395	28049
0.41271989174560214	28055
0.4133964817320704	28061
0.4140730717185386	28067
0.41474966170500677	28078
0.41542625169147496	28085
0.41610284167794315	28099
0.4167794316644114	28103
0.4174560216508796	28108
0.4181326116373478	28122
0.41880920162381596	28130
0.41948579161028415	28141
0.42016238159675234	28146
0.4208389715832206	28157
0.4215155615696888	28169
0.42219215155615697	28182
0.42286874154262516	28189
0.42354533152909335	28198
0.4242219215155616	28209
0.4248985115020298	28219
0.425575101488498	28225
0.42625169147496617	28234
0.42692828146143436	28241
0.42760487144790255	28250
0.4282814614343708	28258
0.428958051420839	28267
0.42963464140730717	28276
0.43031123139377536	28284
0.43098782138024355	28292
0.4316644113667118	28303
0.43234100135318	28315
0.4330175913396482	28322
0.43369418132611637	28327
0.43437077131258456	28336
0.43504736129905275	28340
0.435723951285521	28349
0.4364005412719892	28361
0.4370771312584574	28368
0.43775372124492556	28371
0.43843031123139375	28386
0.439106901217862	28393
0.4397834912043302	28408
0.4404600811907984	28419
0.44113667117726657	28433
0.44181326116373476	28439
0.44248985115020295	28447
0.4431664411366712	28461
0.4438430311231394	28472
0.4445196211096076	28483
0.44519621109607577	28491
0.44587280108254396	28500
0.4465493910690122	28502
0.4472259810554804	28515
0.4479025710419486	28521
0.4485791610284168	28527
0.44925575101488496	28535
0.44993234100135315	28542
0.4506089309878214	28550
0.4512855209742896	28555
0.4519621109607578	28560
0.45263870094722597	28569
0.45331529093369416	28580
0.4539918809201624	28588
0.4546684709066306	28595
0.4553450608930988	28604
0.456021650879567	28613
0.45669824086603517	28625
0.45737483085250336	28639
0.4580514208389716	28646
0.4587280108254398	28651
0.459404600811908	28661
0.46008119079837617	28672
0.46075778078484436	28676
0.4614343707713126	28682
0.4621109607577808	28693
0.462787550744249	28703
0.4634641407307172	28716
0.46414073071718537	28723
0.4648173207036536	28731
0.4654939106901218	28737
0.46617050067659	28747
0.4668470906630582	28754
0.4675236806495264	28761
0.46820027063599456	28767
0.4688768606224628	28780
0.469553450608931	28791
0.4702300405953992	28804
0.4709066305818674	28816
0.47158322056833557	28821
0.4722598105548038	28831
0.472936400541272	28843
0.4736129905277402	28850
0.4742895805142084	28855
0.4749661705006766	28861
0.47564276048714477	28871
0.476319350473613	28877
0.4769959404600812	28888
0.4776725304465494	28899
0.4783491204330176	28909
0.4790257104194858	28926
0.479702300405954	28935
0.4803788903924222	28946
0.4810554803788904	28954
0.4817320703653586	28966
0.4824086603518268	28973
0.48308525033829497	28976
0.4837618403247632	28989
0.4844384303112314	28994
0.4851150202976996	28998
0.4857916102841678	29009
0.486468200270636	29016
0.4871447902571042	29024
0.4878213802435724	29032
0.4884979702300406	29041
0.4891745602165088	29057
0.489851150202977	29066
0.49052774018944517	29073
0.4912043301759134	29080
0.4918809201623816	29096
0.4925575101488498	29109
0.493234100135318	29118
0.4939106901217862	29122
0.4945872801082544	29129
0.4952638700947226	29136
0.4959404600811908	29141
0.496617050067659	29152
0.4972936400541272	29157
0.4979702300405954	29170
0.4986468200270636	29186
0.4993234100135318	29198
0.5	29209
0.5006765899864682	29219
0.5013531799729364	29227
0.5020297699594046	29236
0.5027063599458728	29242
0.503382949932341	29256
0.5040595399188093	29264
0.5047361299052774	29269
0.5054127198917456	29275
0.5060893098782138	29285
0.506765899864682	29292
0.5074424898511503	29305
0.5081190798376184	29320
0.5087956698240866	29331
0.5094722598105548	29339
0.510148849797023	29354
0.5108254397834912	29363
0.5115020297699594	29374
0.5121786197564276	29383
0.5128552097428958	29399
0.513531799729364	29403
0.5142083897158322	29412
0.5148849797023004	29421
0.5155615696887687	29429
0.5162381596752368	29436
0.516914749661705	29443
0.5175913396481732	29449
0.5182679296346414	29457
0.5189445196211097	29466
0.5196211096075778	29477
0.520297699594046	29484
0.5209742895805142	29499
0.5216508795669824	29507
0.5223274695534507	29516
0.5230040595399188	29521
0.523680649526387	29530
0.5243572395128552	29537
0.5250338294993234	29545
0.5257104194857916	29555
0.5263870094722598	29561
0.527063599458728	29570
0.5277401894451962	29578
0.5284167794316644	29585
0.5290933694181326	29590
0.5297699594046008	29597
0.530446549391069	29606
0.5311231393775372	29615
0.5317997293640054	29627
0.5324763193504736	29636
0.5331529093369418	29647
0.5338294993234101	29652
0.5345060893098782	29661
0.5351826792963464	29669
0.5358592692828146	29675
0.5365358592692828	29678
0.5372124492557511	29683
0.5378890392422192	29690
0.5385656292286874	29697
0.5392422192151556	29706
0.5399188092016238	29715
0.540595399188092	29724
0.5412719891745602	29732
0.5419485791610285	29741
0.5426251691474966	29748
0.5433017591339648	29752
0.543978349120433	29766
0.5446549391069012	29779
0.5453315290933695	29784
0.5460081190798376	29789
0.5466847090663058	29798
0.547361299052774	29803
0.5480378890392422	29808
0.5487144790257105	29812
0.5493910690121786	29822
0.5500676589986468	29829
0.550744248985115	29839
0.5514208389715832	29852
0.5520974289580515	29858
0.5527740189445196	29868
0.5534506089309879	29873
0.554127198917456	29879
0.5548037889039242	29893
0.5554803788903924	29901
0.5561569688768606	29909
0.5568335588633289	29914
0.557510148849797	29928
0.5581867388362652	29938
0.5588633288227334	29946
0.5595399188092016	29955
0.5602165087956699	29965
0.560893098782138	29967
0.5615696887686062	29974
0.5622462787550744	29982
0.5629228687415426	29991
0.5635994587280109	29997
0.564276048714479	30009
0.5649526387009473	30020
0.5656292286874154	30031
0.5663058186738836	30037
0.5669824086603519	30049
0.56765899864682	30056
0.5683355886332883	30068
0.5690121786197564	30076
0.5696887686062246	30078
0.5703653585926928	30082
0.571041948579161	30093
0.5717185385656293	30103
0.5723951285520974	30116
0.5730717185385656	30124
0.5737483085250338	30135
0.574424898511502	30143
0.5751014884979703	30154
0.5757780784844384	30160
0.5764546684709067	30169
0.5771312584573748	30178
0.577807848443843	30192
0.5784844384303113	30202
0.5791610284167794	30210
0.5798376184032477	30217
0.5805142083897158	30225
0.581190798376184	30236
0.5818673883626523	30248
0.5825439783491204	30258
0.5832205683355887	30267
0.5838971583220568	30277
0.584573748308525	30281
0.5852503382949933	30287
0.5859269282814614	30297
0.5866035182679297	30311
0.5872801082543978	30318
0.587956698240866	30325
0.5886332882273342	30335
0.5893098782138024	30343
0.5899864682002707	30351
0.5906630581867388	30358
0.591339648173207	30366
0.5920162381596752	30375
0.5926928281461434	30384
0.5933694181326117	30392
0.5940460081190798	30399
0.5947225981055481	30407
0.5953991880920162	30414
0.5960757780784844	30422
0.5967523680649527	30427
0.5974289580514208	30443
0.5981055480378891	30447
0.5987821380243572	30453
0.5994587280108254	30465
0.6001353179972937	30474
0.6008119079837618	30482
0.6014884979702301	30495
0.6021650879566982	30500
0.6028416779431665	30508
0.6035182679296346	30515
0.6041948579161028	30527
0.6048714479025711	30539
0.6055480378890392	30547
0.6062246278755075	30554
0.6069012178619756	30566
0.6075778078484438	30576
0.6082543978349121	30581
0.6089309878213802	30591
0.6096075778078485	30605
0.6102841677943166	30620
0.6109607577807848	30630
0.6116373477672531	30635
0.6123139377537212	30643
0.6129905277401895	30650
0.6136671177266576	30657
0.6143437077131259	30663
0.6150202976995941	30676
0.6156968876860622	30686
0.6163734776725305	30702
0.6170500676589986	30713
0.6177266576454669	30718
0.618403247631935	30725
0.6190798376184032	30730
0.6197564276048715	30738
0.6204330175913396	30749
0.6211096075778079	30759
0.621786197564276	30769
0.6224627875507442	30780
0.6231393775372125	30788
0.6238159675236806	30797
0.6244925575101489	30805
0.625169147496617	30814
0.6258457374830853	30823
0.6265223274695535	30831
0.6271989174560216	30840
0.6278755074424899	30849
0.628552097428958	30857
0.6292286874154263	30865
0.6299052774018945	30872
0.6305818673883626	30880
0.6312584573748309	30889
0.631935047361299	30896
0.6326116373477673	30906
0.6332882273342354	30914
0.6339648173207036	30923
0.6346414073071719	30929
0.63531799729364	30938
0.6359945872801083	30942
0.6366711772665764	30953
0.6373477672530447	30967
0.6380243572395129	30979
0.638700947225981	30988
0.6393775372124493	30999
0.6400541271989174	31012
0.6407307171853857	31019
0.6414073071718539	31023
0.642083897158322	31028
0.6427604871447903	31037
0.6434370771312584	31046
0.6441136671177267	31050
0.6447902571041949	31056
0.645466847090663	31069
0.6461434370771313	31079
0.6468200270635994	31084
0.6474966170500677	31093
0.6481732070365359	31099
0.648849797023004	31103
0.6495263870094723	31111
0.6502029769959404	31116
0.6508795669824087	31124
0.6515561569688768	31134
0.652232746955345	31142
0.6529093369418133	31151
0.6535859269282814	31163
0.6542625169147497	31172
0.6549391069012178	31181
0.6556156968876861	31191
0.6562922868741543	31194
0.6569688768606224	31205
0.6576454668470907	31212
0.6583220568335588	31218
0.6589986468200271	31233
0.6596752368064953	31239
0.6603518267929634	31246
0.6610284167794317	31255
0.6617050067658998	31262
0.6623815967523681	31273
0.6630581867388363	31277
0.6637347767253045	31286
0.6644113667117727	31297
0.6650879566982408	31315
0.6657645466847091	31322
0.6664411366711772	31331
0.6671177266576455	31343
0.6677943166441137	31347
0.6684709066305818	31350
0.6691474966170501	31360
0.6698240866035182	31365
0.6705006765899865	31374
0.6711772665764547	31384
0.6718538565629228	31394
0.6725304465493911	31410
0.6732070365358592	31419
0.6738836265223275	31431
0.6745602165087957	31444
0.6752368064952639	31452
0.6759133964817321	31457
0.6765899864682002	31465
0.6772665764546685	31470
0.6779431664411367	31477
0.6786197564276049	31488
0.6792963464140731	31503
0.6799729364005412	31511
0.6806495263870095	31522
0.6813261163734776	31534
0.6820027063599459	31540
0.6826792963464141	31547
0.6833558863328822	31555
0.6840324763193505	31561
0.6847090663058186	31566
0.6853856562922869	31572
0.6860622462787551	31578
0.6867388362652233	31587
0.6874154262516915	31593
0.6880920162381596	31597
0.6887686062246279	31605
0.6894451962110961	31610
0.6901217861975643	31622
0.6907983761840325	31623
0.6914749661705006	31630
0.6921515561569689	31639
0.6928281461434371	31646
0.6935047361299053	31654
0.6941813261163735	31661
0.6948579161028416	31673
0.6955345060893099	31684
0.696211096075778	31692
0.6968876860622463	31700
0.6975642760487145	31708
0.6982408660351827	31716
0.6989174560216509	31724
0.699594046008119	31727
0.7002706359945873	31737
0.7009472259810555	31741
0.7016238159675237	31749
0.7023004059539919	31758
0.70297699594046	31762
0.7036535859269283	31764
0.7043301759133965	31773
0.7050067658998647	31784
0.7056833558863329	31795
0.706359945872801	31802
0.7070365358592693	31819
0.7077131258457375	31824
0.7083897158322057	31835
0.7090663058186739	31842
0.709742895805142	31851
0.7104194857916103	31862
0.7110960757780784	31867
0.7117726657645467	31876
0.7124492557510149	31892
0.713125845737483	31900
0.7138024357239513	31907
0.7144790257104194	31916
0.7151556156968877	31925
0.7158322056833559	31934
0.7165087956698241	31943
0.7171853856562923	31949
0.7178619756427604	31962
0.7185385656292287	31970
0.7192151556156969	31980
0.7198917456021651	31989
0.7205683355886333	31997
0.7212449255751014	32008
0.7219215155615697	32015
0.7225981055480379	32021
0.7232746955345061	32033
0.7239512855209743	32045
0.7246278755074425	32055
0.7253044654939107	32065
0.725981055480379	32075
0.7266576454668471	32087
0.7273342354533153	32095
0.7280108254397835	32104
0.7286874154262517	32109
0.7293640054127198	32119
0.7300405953991881	32129
0.7307171853856563	32138
0.7313937753721245	32149
0.7320703653585927	32158
0.7327469553450608	32170
0.7334235453315291	32181
0.7341001353179973	32191
0.7347767253044655	32203
0.7354533152909337	32213
0.7361299052774019	32221
0.7368064952638701	32228
0.7374830852503383	32233
0.7381596752368065	32245
0.7388362652232747	32257
0.7395128552097429	32266
0.7401894451962111	32279
0.7408660351826793	32290
0.7415426251691475	32301
0.7422192151556157	32309
0.7428958051420839	32315
0.7435723951285521	32323
0.7442489851150202	32332
0.7449255751014885	32339
0.7456021650879567	32346
0.7462787550744249	32358
0.7469553450608931	32364
0.7476319350473613	32368
0.7483085250338295	32377
0.7489851150202977	32385
0.7496617050067659	32394
0.7503382949932341	32404
0.7510148849797023	32410
0.7516914749661705	32425
0.7523680649526387	32435
0.7530446549391069	32446
0.7537212449255751	32455
0.7543978349120433	32471
0.7550744248985115	32481
0.7557510148849798	32492
0.7564276048714479	32508
0.7571041948579161	32518
0.7577807848443843	32525
0.7584573748308525	32532
0.7591339648173207	32542
0.7598105548037889	32554
0.7604871447902571	32564
0.7611637347767253	32577
0.7618403247631935	32584
0.7625169147496617	32591
0.7631935047361299	32599
0.7638700947225981	32606
0.7645466847090663	32615
0.7652232746955345	32621
0.7658998646820027	32630
0.7665764546684709	32636
0.7672530446549392	32645
0.7679296346414073	32653
0.7686062246278755	32659
0.7692828146143437	32670
0.7699594046008119	32683
0.7706359945872802	32692
0.7713125845737483	32697
0.7719891745602165	32707
0.7726657645466847	32717
0.7733423545331529	32725
0.774018944519621	32744
0.7746955345060893	32757
0.7753721244925575	32762
0.7760487144790257	32772
0.7767253044654939	32780
0.7774018944519621	32789
0.7780784844384303	32795
0.7787550744248986	32805
0.7794316644113667	32814
0.7801082543978349	32820
0.7807848443843031	32827
0.7814614343707713	32835
0.7821380243572396	32847
0.7828146143437077	32856
0.7834912043301759	32872
0.7841677943166441	32883
0.7848443843031123	32893
0.7855209742895806	32903
0.7861975642760487	32909
0.786874154262517	32917
0.7875507442489851	32933
0.7882273342354533	32941
0.7889039242219216	32951
0.7895805142083897	32959
0.790257104194858	32970
0.7909336941813261	32977
0.7916102841677943	32988
0.7922868741542625	32997
0.7929634641407307	33007
0.793640054127199	33013
0.7943166441136671	33019
0.7949932341001353	33034
0.7956698240866035	33039
0.7963464140730717	33048
0.79702300405954	33064
0.7976995940460081	33078
0.7983761840324763	33088
0.7990527740189445	33098
0.7997293640054127	33105
0.800405953991881	33122
0.8010825439783491	33130
0.8017591339648173	33135
0.8024357239512855	33149
0.8031123139377537	33157
0.803788903924222	33174
0.8044654939106901	33183
0.8051420838971584	33192
0.8058186738836265	33204
0.8064952638700947	33207
0.8071718538565629	33218
0.8078484438430311	33225
0.8085250338294994	33240
0.8092016238159675	33247
0.8098782138024357	33260
0.8105548037889039	33268
0.8112313937753721	33282
0.8119079837618404	33292
0.8125845737483085	33306
0.8132611637347767	33318
0.8139377537212449	33326
0.8146143437077131	33334
0.8152909336941814	33343
0.8159675236806495	33354
0.8166441136671178	33367
0.8173207036535859	33378
0.8179972936400541	33385
0.8186738836265224	33393
0.8193504736129905	33400
0.8200270635994588	33409
0.8207036535859269	33418
0.8213802435723951	33425
0.8220568335588633	33439
0.8227334235453315	33447
0.8234100135317998	33456
0.8240866035182679	33463
0.8247631935047361	33468
0.8254397834912043	33474
0.8261163734776725	33479
0.8267929634641408	33495
0.8274695534506089	33509
0.8281461434370772	33517
0.8288227334235453	33528
0.8294993234100135	33538
0.8301759133964818	33553
0.8308525033829499	33561
0.8315290933694182	33570
0.8322056833558863	33577
0.8328822733423545	33585
0.8335588633288228	33594
0.8342354533152909	33605
0.8349120433017592	33611
0.8355886332882273	33619
0.8362652232746955	33626
0.8369418132611637	33635
0.8376184032476319	33644
0.8382949932341002	33653
0.8389715832205683	33665
0.8396481732070366	33674
0.8403247631935047	33679
0.8410013531799729	33692
0.8416779431664412	33703
0.8423545331529093	33714
0.8430311231393776	33727
0.8437077131258457	33738
0.8443843031123139	33749
0.8450608930987822	33758
0.8457374830852503	33770
0.8464140730717186	33777
0.8470906630581867	33785
0.847767253044655	33799
0.8484438430311232	33810
0.8491204330175913	33823
0.8497970230040596	33837
0.8504736129905277	33846
0.851150202976996	33856
0.8518267929634641	33867
0.8525033829499323	33876
0.8531799729364006	33886
0.8538565629228687	33893
0.854533152909337	33901
0.8552097428958051	33910
0.8558863328822733	33917
0.8565629228687416	33927
0.8572395128552097	33935
0.857916102841678	33940
0.8585926928281461	33952
0.8592692828146143	33960
0.8599458728010826	33972
0.8606224627875507	33989
0.861299052774019	33995
0.8619756427604871	34001
0.8626522327469553	34012
0.8633288227334236	34026
0.8640054127198917	34031
0.86468200270636	34044
0.8653585926928281	34048
0.8660351826792964	34054
0.8667117726657646	34064
0.8673883626522327	34071
0.868064952638701	34082
0.8687415426251691	34092
0.8694181326116374	34101
0.8700947225981055	34112
0.8707713125845737	34122
0.871447902571042	34134
0.8721244925575101	34144
0.8728010825439784	34153
0.8734776725304465	34163
0.8741542625169147	34175
0.874830852503383	34184
0.8755074424898511	34197
0.8761840324763194	34206
0.8768606224627875	34216
0.8775372124492558	34222
0.878213802435724	34230
0.8788903924221921	34238
0.8795669824086604	34249
0.8802435723951285	34256
0.8809201623815968	34264
0.881596752368065	34267
0.8822733423545331	34280
0.8829499323410014	34290
0.8836265223274695	34300
0.8843031123139378	34314
0.8849797023004059	34326
0.8856562922868741	34334
0.8863328822733424	34346
0.8870094722598105	34358
0.8876860622462788	34365
0.8883626522327469	34377
0.8890392422192152	34381
0.8897158322056834	34395
0.8903924221921515	34403
0.8910690121786198	34417
0.8917456021650879	34430
0.8924221921515562	34441
0.8930987821380244	34456
0.8937753721244925	34468
0.8944519621109608	34475
0.8951285520974289	34486
0.8958051420838972	34497
0.8964817320703654	34508
0.8971583220568335	34526
0.8978349120433018	34537
0.8985115020297699	34548
0.8991880920162382	34565
0.8998646820027063	34576
0.9005412719891746	34585
0.9012178619756428	34597
0.9018944519621109	34610
0.9025710419485792	34630
0.9032476319350473	34647
0.9039242219215156	34663
0.9046008119079838	34673
0.9052774018944519	34691
0.9059539918809202	34709
0.9066305818673883	34721
0.9073071718538566	34735
0.9079837618403248	34751
0.908660351826793	34765
0.9093369418132612	34787
0.9100135317997293	34800
0.9106901217861976	34821
0.9113667117726658	34841
0.912043301759134	34854
0.9127198917456022	34867
0.9133964817320703	34880
0.9140730717185386	34893
0.9147496617050067	34904
0.915426251691475	34917
0.9161028416779432	34924
0.9167794316644113	34938
0.9174560216508796	34948
0.9181326116373477	34954
0.918809201623816	34968
0.9194857916102842	34984
0.9201623815967523	35000
0.9208389715832206	35005
0.9215155615696887	35018
0.922192151556157	35027
0.9228687415426252	35039
0.9235453315290933	35049
0.9242219215155616	35059
0.9248985115020297	35077
0.925575101488498	35087
0.9262516914749662	35114
0.9269282814614344	35132
0.9276048714479026	35145
0.9282814614343707	35161
0.928958051420839	35170
0.9296346414073072	35186
0.9303112313937754	35206
0.9309878213802436	35220
0.9316644113667117	35234
0.93234100135318	35242
0.9330175913396481	35257
0.9336941813261164	35268
0.9343707713125846	35279
0.9350473612990527	35294
0.935723951285521	35302
0.9364005412719891	35313
0.9370771312584574	35319
0.9377537212449256	35336
0.9384303112313938	35351
0.939106901217862	35360
0.9397834912043301	35375
0.9404600811907984	35391
0.9411366711772666	35407
0.9418132611637348	35420
0.942489851150203	35438
0.9431664411366711	35449
0.9438430311231394	35462
0.9445196211096076	35475
0.9451962110960758	35487
0.945872801082544	35498
0.9465493910690121	35513
0.9472259810554804	35531
0.9479025710419485	35546
0.9485791610284168	35560
0.949255751014885	35573
0.9499323410013532	35584
0.9506089309878214	35596
0.9512855209742895	35610
0.9519621109607578	35624
0.952638700947226	35644
0.9533152909336942	35666
0.9539918809201624	35683
0.9546684709066305	35697
0.9553450608930988	35717
0.956021650879567	35733
0.9566982408660352	35750
0.9573748308525034	35761
0.9580514208389715	35774
0.9587280108254398	35787
0.959404600811908	35797
0.9600811907983762	35810
0.9607577807848444	35826
0.9614343707713126	35835
0.9621109607577808	35846
0.9627875507442489	35856
0.9634641407307172	35873
0.9641407307171854	35883
0.9648173207036536	35900
0.9654939106901218	35913
0.9661705006765899	35931
0.9668470906630582	35949
0.9675236806495264	35964
0.9682002706359946	35978
0.9688768606224628	36008
0.969553450608931	36026
0.9702300405953992	36044
0.9709066305818674	36059
0.9715832205683356	36083
0.9722598105548038	36095
0.972936400541272	36109
0.9736129905277402	36131
0.9742895805142084	36151
0.9749661705006766	36176
0.9756427604871448	36207
0.976319350473613	36226
0.9769959404600812	36248
0.9776725304465493	36266
0.9783491204330176	36285
0.9790257104194858	36311
0.979702300405954	36331
0.9803788903924222	36356
0.9810554803788903	36386
0.9817320703653586	36412
0.9824086603518268	36436
0.983085250338295	36458
0.9837618403247632	36492
0.9844384303112313	36522
0.9851150202976996	36556
0.9857916102841678	36583
0.986468200270636	36603
0.9871447902571042	36628
0.9878213802435724	36669
0.9884979702300406	36695
0.9891745602165088	36732
0.989851150202977	36772
0.9905277401894452	36812
0.9912043301759134	36852
0.9918809201623816	36900
0.9925575101488497	36951
0.993234100135318	37016
0.9939106901217862	37075
0.9945872801082544	37128
0.9952638700947226	37191
0.9959404600811907	37258
0.996617050067659	37337
0.9972936400541272	37427
0.9979702300405954	37559
0.9986468200270636	37686
0.9993234100135318	37827
